x<-c(2,1)
<<<<<<< HEAD
y=x
c(c(3),4)
=======
y=x
>>>>>>> cdddd778f158a689e53b2567d6fa26dc82888ee2
